// name                  camPos                 camAt                  camUp
Sphere                    0.75  0.65  0.95       0.5   0.5   0.5       0 1 0           
Spheres                   1.18  1.32  1.81       0.67  0.82  1.11      0 1 0
Dodecahedron              0.40  0.26  1.64       0.14  0.11  0.68      0 1 0
Teapot                    0.97  0.34 -0.39       0.10  0.03 -0.02      0 1 0
Gear                      0.74  0.21  1.36       0.25  0.10  0.49      0 1 0
HumanHead                 0.71  0.00  1.12       0.10 -0.02  0.33      0 1 0
Cheese                   -0.08  0.45  0.73       0.01 -0.23  0.00      0 1 0
SDF3                      0.22  1.29  0.40       0.00  0.20  0.00      0 1 0
Temple                    0.69 -0.07  0.88       0.04 -0.23  0.13      0 1 0
Girl                      0.74  0.03  1.97       0.44 -0.09  1.02      0 1 0
Boat					  0.85  0.11 -0.86       0.01 -0.05 -0.33      0 1 0
lucy.obj                  1.00  3.00  1.00       0.40  2.40  0.30      0 1 0
Skull.obj                 1.61  1.96  3.40       1.09  1.80  2.57      0 1 0
Bunny.obj                -0.13  0.67  1.10      -0.13  0.51  0.11      0 1 0
Mobius                    0.40  0.58  1.01       0.10 -0.07  0.31      0 1 0
Mountain                 -0.54  0.00  0.57       0.17 -0.03 -0.14      0 1 0
